2255
2057
2090
2091
2055
2226
2250
2072
2109
2174
2147
2119
2088
2115
2243
2175
2161
2193
2088
2085
2160
2299
2069
2275
2083
2199
2084
2149
2108
2073
2078
2134
2081
2415
2095
2083
2045
2121
2264
2099
2263
2205
2257
2183
2081
2097
2045
2447
2239
2798
2248
2087
2287
2020
2797
2131
2347
2178
2090
2116
2132
2168
2157
2493
2055
2190
2330
2081
2393
2093
2128
2097
2485
2298
2436
2048
2061
2291
2207
2041
2092
2086
2207
2076
2110
2153
2560
2164
2105
2205
2095
2197
2137
2093
2352
2143
2557
2052
2243
2305
2455
2072
2133
2096
2149
2090
2520
2134
2057
2102
2241
2066
2137
2150
2708
2096
2147
2140
2160
2340
2604
2301
2093
2113
2222
2110
2573
2185
2044
2059
2114
2106
2088
2135
2212
2095
2133
2068
2075
2109
2061
2117
2118
2328
2104
2103
2064
2303
2652
2100
2369
2132
2059
2193
2342
2063
2182
2290
2099
2032
2149
2105
2147
2161
2096
2116
2112
2236
2111
2079
2291
2126
2113
2117
2085
2675
2138
2082
2072
2256
2086
2111
2101
2257
2417
2069
2060
2051
2027
2143
2402
2172
2066
2172
2082
2107
2144
2202
2067
2070
2146
2333
2427
2199
2062
2047
2235
2115
2113
2217
2112
2135
2037
2131
2050
2135
2265
2161
2075
2077
2187
2045
2112
2107
2329
2072
2445
2247
2072
2110
2162
2338
2154
2603
2136
2117
2134
2168
2054
2207
2331
2071
2097
2119
2127
2113
2147
2307
2140
2597
2163
2113
2059
2147
2119
2385
2169
2086
2514
2128
2138
2060
2074
2591
2102
2071
2097
2050
2332
2246
2123
2208
2061
2175
2144
2316
2117
2090
2091
2101
2516
2074
2074
2116
2110
2185
2210
2357
2067
2199
2035
2284
2135
2267
2047
2667
2138
2179
2068
2092
2027
2428
2126
2289
2415
2273
2230
2113
2098
2079
2193
2186
2151
2178
2123
2155
2179
2159
2162
2273
2229
2036
2071
2156
2089
2070
2138
2202
2082
2099
2187
2161
2440
2102
2160
2066
2221
2042
2052
2331
2141
2134
2098
2105
2113
2153
2251
2301
2045
2132
2193
2442
2155
2109
2214
2163
2201
2248
2200
2148
2118
2293
2117
2126
2204
2298
2167
2218
2080
2260
2084
2168
2182
2216
2116
2096
2086
2302
2386
2548
2066
2111
2130
2126
2105
2052
2147
2126
2114
2084
2181
2190
2151
2186
2122
2200
2094
2080
2099
2119
2195
2430
2092
2157
2110
2062
2028
2167
2151
2142
2118
2104
2252
2080
2089
2120
2607
2128
2166
2130
2061
2283
2274
2234
2624
2094
2095
2096
2177
2096
2113
2317
2218
2180
2034
2479
2211
2107
2060
2148
2104
2034
2067
2455