2028
2057
2015
2091
2037
2016
2020
2072
2109
2087
2033
2060
2043
2024
2021
2052
2161
2053
2033
2085
2160
2054
2069
2021
2083
2035
2084
2047
2023
2073
2078
2134
2081
2058
2021
2083
2045
2063
2028
2099
2030
2018
2078
2056
2023
2097
2045
2062
2014
2048
2039
2087
2039
2020
2031
2064
2023
2076
2090
2020
2044
2025
2043
2021
2055
2076
2022
2081
2041
2093
2128
2097
2031
2027
2011
2048
2016
2020
2037
2041
2092
2086
2036
2035
2110
2055
2025
2013
2105
2029
2095
2049
2137
2093
2032
2143
2040
2052
2074
2039
2043
2072
2133
2096
2052
2034
2048
2064
2020
2102
2076
2066
2040
2069
2033
2096
2147
2088
2010
2017
2084
2038
2030
2076
2023
2021
2025
2025
2044
2030
2054
2106
2076
2135
2034
2095
2017
2068
2075
2109
2061
2117
2118
2065
2053
2021
2018
2025
2022
2100
2068
2051
2059
2066
2027
2063
2021
2040
2099
2032
2048
2105
2066
2161
2048
2116
2112
2033
2111
2079
2087
2126
2113
2077
2027
2067
2060
2082
2072
2070
2086
2081
2020
2047
2063
2069
2060
2051
2027
2143
2039
2062
2066
2050
2082
2068
2144
2010
2012
2032
2059
2028
2014
2085
2062
2047
2023
2115
2113
2019
2050
2135
2037
2131
2050
2135
2074
2035
2075
2077
2085
2045
2024
2107
2053
2072
2076
2042
2072
2032
2066
2065
2016
2045
2022
2117
2075
2052
2054
2040
2044
2071
2026
2075
2127
2113
2147
2035
2030
2039
2110
2060
2059
2016
2046
2025
2067
2086
2055
2128
2045
2060
2074
2030
2102
2071
2097
2034
2022
2030
2123
2071
2061
2035
2024
2043
2045
2090
2091
2101
2075
2074
2074
2116
2110
2011
2051
2023
2045
2021
2035
2067
2034
2025
2047
2061
2072
2048
2068
2092
2027
2071
2040
2023
2078
2034
2053
2113
2098
2079
2078
2035
2032
2058
2123
2046
2016
2071
2041
2045
2012
2036
2031
2156
2089
2070
2138
2018
2082
2099
2042
2161
2037
2102
2050
2066
2018
2018
2052
2026
2052
2134
2098
2105
2027
2153
2011
2028
2045
2132
2065
2046
2026
2109
2057
2074
2073
2061
2025
2074
2118
2026
2117
2061
2074
2082
2080
2020
2080
2082
2084
2072
2015
2057
2011
2027
2086
2043
2057
2018
2020
2111
2130
2126
2105
2052
2075
2037
2114
2084
2066
2053
2015
2036
2055
2055
2094
2018
2099
2061
2033
2072
2092
2024
2110
2013
2028
2061
2044
2053
2055
2104
2031
2080
2089
2078
2024
2128
2077
2130
2061
2045
2042
2089
2024
2094
2095
2096
2051
2054
2113
2031
2020
2015
2034
2077
2013
2107
2060
2088
2050
2034
2050
2025